7 5 1 204 456
9 5 1 204 609
12 5 1 204 844
8 5 1 204 532
13 5 1 204 923
17 5 1 204 1232
20 5 1 204 1465
15 5 1 204 1077
11 5 1 204 766
16 5 1 204 1155
10 5 1 204 687
14 5 1 204 1000
19 5 1 204 1387
18 5 1 204 1310
7 5 1 204 456
9 5 1 204 609
8 5 1 204 532
13 5 1 204 923
17 5 1 204 1232
20 5 1 204 1465
15 5 1 204 1077
11 5 1 204 766
16 5 1 204 1155
10 5 1 204 687
14 5 1 204 1000
19 5 1 204 1387
18 5 1 204 1310
7 5 1 204 456
13 5 1 204 923
17 5 1 204 1232
15 5 1 204 1077
20 5 1 204 1465
16 5 1 204 1155
14 5 1 204 1000
19 5 1 204 1387
18 5 1 204 1310
7 5 1 204 456
13 5 1 204 923
17 5 1 204 1232
15 5 1 204 1077
16 5 1 204 1155
14 5 1 204 1000
19 5 1 204 1387
18 5 1 204 1310
7 5 4 59 401 46 135 456
9 5 4 59 46 346 135 609
12 5 4 323 59 46 135 844
3 5 4 338 59 46 135 151
8 5 4 351 59 46 135 532
13 5 4 392 59 46 135 923
17 5 4 59 367 46 135 1232
1 5 4 59 46 316 135 0
20 5 4 355 59 46 135 1465
15 5 4 59 385 46 135 1077
2 5 4 394 36 23 112 74
11 5 4 59 330 46 135 766
16 5 4 59 46 376 135 1155
6 5 4 59 350 46 135 381
10 5 4 339 59 46 135 687
21 5 4 334 59 46 135 1542
4 5 4 374 59 46 135 233
5 6 4 341 59 46 135 307
14 5 4 392 59 46 135 1000
19 5 4 359 59 46 135 1387
18 5 4 59 46 135 363 1310
7 5 1 204 456
2 5 2 342 74
2 5 2 342 74
7 5 5 352 135 456
9 5 5 296 135 609
12 5 5 273 135 844
3 5 5 135 284 151
8 5 5 301 135 532
13 5 5 343 135 923
17 5 5 135 318 1232
1 5 5 262 135 0
20 5 5 306 135 1465
15 5 5 336 135 1077
2 5 5 254 112 74
11 5 5 280 135 766
16 5 5 327 135 1155
6 5 5 280 135 381
10 5 5 289 135 687
21 5 5 280 135 1542
4 5 5 277 135 233
5 6 6 277 135 307
14 5 5 343 135 1000
19 5 5 310 135 1387
18 5 5 314 135 1310
7 5 1 204 456
13 5 1 204 923
15 5 1 204 1077
16 5 1 204 1155
14 5 1 204 1000
9 5 1 204 609
7 5 1 204 456
8 5 1 204 532
13 5 1 204 923
10 5 1 204 687
17 5 1 204 1232
15 5 1 204 1077
20 5 1 204 1465
16 5 1 204 1155
14 5 1 204 1000
19 5 1 204 1387
18 5 1 204 1310
7 5 1 204 456
8 5 1 204 532
13 5 1 204 923
17 5 1 204 1232
15 5 1 204 1077
20 5 1 204 1465
16 5 1 204 1155
14 5 1 204 1000
19 5 1 204 1387
18 5 1 204 1310
4 5 2 334 233
2 5 2 311 74
6 5 1 280 381
4 5 1 277 233
2 5 1 254 74
6 5 1 204 381
3 5 1 284 151
21 5 2 204 280 1542
1 5 3 204 262 234 0
4 5 1 334 233
2 5 1 342 74
5 6 1 238 307
2 5 1 311 74
7 5 2 192 388 456
9 5 2 333 192 609
12 5 2 310 192 844
3 5 2 325 192 151
8 5 2 338 192 532
13 5 2 192 379 923
17 5 2 354 192 1232
1 5 2 192 303 0
20 5 2 342 192 1465
15 5 2 372 192 1077
2 5 2 169 381 74
11 5 2 317 192 766
16 5 2 192 363 1155
6 5 2 337 192 381
10 5 2 326 192 687
21 5 2 321 192 1542
4 5 2 361 192 233
5 6 2 192 328 307
14 5 2 192 379 1000
19 5 2 346 192 1387
18 5 2 350 192 1310
7 5 4 306 97 456
9 5 4 250 97 609
12 5 4 97 227 844
3 5 4 238 97 151
8 5 4 255 97 532
13 5 4 97 297 923
17 5 4 272 97 1232
1 5 4 234 97 0
20 5 4 260 97 1465
15 5 4 290 97 1077
2 5 4 208 74 74
11 5 4 234 97 766
16 5 4 97 281 1155
6 5 4 234 97 381
10 5 4 97 243 687
21 5 4 234 97 1542
4 5 4 97 231 233
5 6 4 238 97 307
14 5 4 97 297 1000
19 5 4 97 264 1387
18 5 4 97 268 1310
7 5 2 415 25 456
9 5 2 25 360 609
12 5 2 337 25 844
3 5 2 352 25 151
8 5 2 25 365 532
13 5 2 25 406 923
17 5 2 381 25 1232
1 5 2 25 330 0
20 5 2 369 25 1465
15 5 2 399 25 1077
2 5 2 408 2 74
11 5 2 25 344 766
16 5 2 25 390 1155
6 5 2 364 25 381
10 5 2 353 25 687
21 5 2 25 348 1542
4 5 2 25 388 233
5 6 2 355 25 307
14 5 2 25 406 1000
19 5 2 373 25 1387
18 5 2 25 377 1310
7 5 1 204 456
13 5 1 204 923
17 5 1 204 1232
15 5 1 204 1077
16 5 1 204 1155
14 5 1 204 1000
7 5 1 204 456
13 5 1 204 923
15 5 1 204 1077
14 5 1 204 1000
7 5 1 204 456
13 5 1 204 923
14 5 1 204 1000
9 5 1 204 609
7 5 1 204 456
8 5 1 204 532
13 5 1 204 923
17 5 1 204 1232
15 5 1 204 1077
20 5 1 204 1465
16 5 1 204 1155
14 5 1 204 1000
19 5 1 204 1387
18 5 1 204 1310
6 5 1 280 381
4 5 1 277 233
2 5 1 254 74
7 5 5 204 352 59 456
9 5 5 204 296 59 609
12 5 5 204 273 59 844
3 5 5 204 59 151
8 5 5 204 59 301 532
13 5 5 343 204 59 923
17 5 5 204 59 318 1232
1 5 4 204 59 0
20 5 5 204 306 59 1465
15 5 5 204 336 59 1077
2 5 5 36 181 74
11 5 5 204 59 280 766
16 5 5 327 204 59 1155
6 5 4 204 59 381
10 5 5 289 204 59 687
21 5 4 204 59 1542
4 5 5 204 59 233
5 6 5 204 59 307
14 5 5 343 204 59 1000
19 5 5 204 310 59 1387
18 5 5 204 59 314 1310
6 5 1 280 381
4 5 1 277 233
2 5 1 254 74
7 5 1 204 456
13 5 1 204 923
17 5 1 204 1232
15 5 1 204 1077
16 5 1 204 1155
14 5 1 204 1000
18 5 1 204 1310
7 5 2 0 25 456
9 5 2 0 25 609
12 5 2 0 25 844
3 5 2 0 25 151
8 5 2 0 25 532
13 5 2 0 25 923
17 5 2 0 25 1232
1 5 2 0 25 0
20 5 2 0 25 1465
15 5 2 0 25 1077
2 5 1 2 74
11 5 2 0 25 766
16 5 2 0 25 1155
6 5 2 0 25 381
10 5 2 0 25 687
21 5 2 0 25 1542
4 5 2 0 25 233
5 6 2 0 25 307
14 5 2 0 25 1000
19 5 2 0 25 1387
18 5 2 0 25 1310
7 5 1 0 456
9 5 1 0 609
12 5 1 0 844
3 5 1 0 151
8 5 1 0 532
13 5 1 0 923
17 5 1 0 1232
1 5 1 0 0
20 5 1 0 1465
15 5 1 0 1077
11 5 1 0 766
16 5 1 0 1155
6 5 1 0 381
10 5 1 0 687
21 5 1 0 1542
4 5 1 0 233
5 6 1 0 307
14 5 1 0 1000
19 5 1 0 1387
18 5 1 0 1310
