ball 0.5849625007211562 0 228
basket 0.6918777046376682 228 212
bike 1.222392421336448 440 150
car 1.3923174227787602 590 133
channel -2.0 723 542
computer 4.392317422778761 1265 15
creator 4.392317422778761 1280 14
dc 4.392317422778761 1294 14
description -1.0 1308 416
facebook 2.070389327891398 1724 82
football 0.8073549220576041 1806 196
golf 1.070389327891398 2002 165
guid 3.3923174227787602 2167 29
happened 2.807354922057604 2196 44
information 1.070389327891398 2240 116
interesting 4.392317422778761 2356 14
item -1.0 2370 416
link -1.0 2786 395
rss -1.0 3181 394
ski 1.8073549220576042 3575 99
snoboard 2.3923174227787602 3674 65
system 2.807354922057604 3739 48
tennis 0.932885804141463 3787 180
things 2.807354922057604 3967 44
title -1.4150374992788437 4011 451
today 2.807354922057604 4462 44
toy 1.5849625007211563 4506 116
version -0.9652345818393234 4622 350
xml 0.07038932789139801 4972 278
